data = {
    'Timestamp': pd.date_range(start='2024-08-01 00:00', periods=30, freq='10T'),
    'Path_A': [200, 195, 210, 220, 215, 225, 230, 240, 235, 245, 250, 255, 260, 270, 275, 280, 290, 295, 300, 310, 315, 320, 330, 335, 340, 345, 350, 355, 360, 365],
    'Path_B': [100, 105, 110, 115, 120, 125, 130, 135, 140, 145, 150, 155, 160, 165, 170, 175, 180, 185, 190, 195, 200, 205, 210, 215, 220, 225, 230, 235, 240, 245],
    'Path_C': [50, 55, 53, 60, 58, 62, 64, 66, 68, 72, 74, 76, 78, 80, 82, 84, 86, 88, 90, 92, 94, 96, 98, 100, 102, 104, 106, 108, 110, 112]
}

df = pd.DataFrame(data)
df.set_index('Timestamp', inplace=True)
print(df.head())
